1 0.21640625 0.60703125 0.21328125 0.24609375
1 0.21171875 0.0984375 0.2265625 0.19609375
1 0.41953125 0.284375 0.1546875 0.2890625
1 0.50859375 0.0609375 0.0984375 0.121875
1 0.6375 0.290625 0.1421875 0.2890625
1 0.1046875 0.44140625 0.20234375 0.35859375
1 0.50703125 0.7796875 0.190625 0.190625
1 0.30859375 0.89375 0.1859375 0.21171875
1 0.090625 0.9265625 0.175 0.146875
1 0.18984375 0.80078125 0.2421875 0.203125
1 0.059375 0.6859375 0.109375 0.21015625
1 0.41328125 0.50234375 0.2 0.27109375
1 0.528125 0.934375 0.15078125 0.13125
1 0.5828125 0.5234375 0.165625 0.171875
1 0.74140625 0.53125 0.15 0.1625
1 0.734375 0.71953125 0.134375 0.1640625
1 0.73515625 0.90078125 0.1953125 0.1984375
1 0.9296875 0.70703125 0.13984375 0.15546875
1 0.89609375 0.5171875 0.11484375 0.22421875
1 0.8125 0.3109375 0.12734375 0.26640625
1 0.946875 0.22578125 0.10546875 0.25078125
1 0.7546875 0.075 0.24453125 0.15
1 0.9609375 0.92734375 0.078125 0.1328125
1 0.896875 0.86171875 0.12890625 0.1859375
1 0.9875 0.47109375 0.02421875 0.1734375