0 0.22109375 0.49296875 0.2421875 0.37421875
0 0.1390625 0.71328125 0.19375 0.30078125
0 0.37578125 0.74375 0.1828125 0.28515625
0 0.60625 0.83203125 0.1703125 0.24453125
0 0.63828125 0.53984375 0.22734375 0.3625
0 0.68359375 0.7265625 0.1796875 0.1875
0 0.80546875 0.46328125 0.21484375 0.39140625
0 0.93828125 0.27890625 0.1234375 0.31015625
1 0.11484375 0.2359375 0.15390625 0.12890625
1 0.28203125 0.13046875 0.14765625 0.1671875
1 0.28359375 0.28046875 0.14296875 0.1109375
1 0.63515625 0.26484375 0.16796875 0.14921875
1 0.80703125 0.4765625 0.1625 0.2203125