1 0.140625 0.0546875 0.265625 0.109375
1 0.33984375 0.34296875 0.33671875 0.221875
1 0.47734375 0.0953125 0.25390625 0.18203125
1 0.78515625 0.184375 0.29453125 0.15546875
1 0.8078125 0.0578125 0.2234375 0.11484375
1 0.63203125 0.4375 0.32109375 0.225
1 0.6359375 0.590625 0.25 0.26875
1 0.734375 0.871875 0.29296875 0.25546875
1 0.15546875 0.48125 0.30546875 0.3203125
1 0.10625 0.26015625 0.2125 0.1828125
1 0.290625 0.15390625 0.37109375 0.1859375
1 0.87734375 0.39921875 0.2453125 0.1390625
1 0.92265625 0.5921875 0.1546875 0.25625
1 0.04296875 0.6640625 0.0859375 0.153125